17 0.372917 0.662500 0.028125 0.113889
17 0.439844 0.639352 0.030729 0.104630
17 0.400521 0.606944 0.022917 0.087963
17 0.505208 0.612037 0.023958 0.101852
17 0.494010 0.558333 0.017188 0.072222
17 0.871354 0.620370 0.025000 0.118519
17 0.633594 0.760185 0.018229 0.124074
17 0.932552 0.472222 0.018229 0.096296
17 0.239844 0.600000 0.020313 0.118519
17 0.289323 0.572222 0.019271 0.118519
17 0.350260 0.547685 0.023438 0.102778
17 0.360938 0.500000 0.019792 0.096296
17 0.434635 0.525926 0.020313 0.094444
17 0.451302 0.563889 0.020313 0.083333
17 0.595313 0.631019 0.020833 0.112037
17 0.782031 0.489815 0.020313 0.092593
22 0.211198 0.556019 0.019271 0.106481
18 0.538021 0.747685 0.028125 0.125000
19 0.656510 0.358333 0.016146 0.022222
17 0.636719 0.323148 0.021354 0.064815
