16 0.141146 0.523611 0.022917 0.123148
16 0.307292 0.293981 0.023958 0.082407
16 0.313281 0.224537 0.020313 0.080556
16 0.571094 0.327315 0.021354 0.087963
16 0.569792 0.482407 0.028125 0.112963
18 0.052344 0.433796 0.023438 0.104630
17 0.096615 0.126852 0.028646 0.074074
17 0.206510 0.756019 0.030729 0.149074
17 0.883073 0.581944 0.022396 0.134259
17 0.754948 0.329630 0.024479 0.088889
17 0.552344 0.425000 0.024479 0.098148
17 0.395313 0.292130 0.023958 0.089815
17 0.566406 0.182407 0.017188 0.075926
19 0.855208 0.625000 0.014583 0.024074
