16 0.084115 0.690741 0.026562 0.135185
16 0.081771 0.475000 0.021875 0.114815
16 0.229167 0.396759 0.023958 0.106481
16 0.175260 0.335185 0.020313 0.092593
16 0.409896 0.361574 0.026042 0.087963
16 0.527865 0.438426 0.021354 0.104630
16 0.742188 0.485185 0.026042 0.114815
17 0.126562 0.500463 0.025000 0.132407
17 0.222135 0.325463 0.021354 0.060185
17 0.579948 0.319444 0.023438 0.092593
17 0.570573 0.429630 0.018229 0.112963
17 0.890365 0.360648 0.019271 0.099074
17 0.650781 0.688889 0.024479 0.114815
17 0.884635 0.912037 0.026562 0.170370
18 0.299740 0.590278 0.018229 0.130556
19 0.782813 0.387963 0.014583 0.020370
