17 0.680208 0.642593 0.034375 0.118519
17 0.353385 0.378704 0.019271 0.090741
17 0.244271 0.435185 0.020833 0.090741
17 0.258073 0.321296 0.022396 0.085185
17 0.190885 0.287500 0.020313 0.080556
17 0.033073 0.351389 0.021354 0.091667
17 0.026302 0.223611 0.017188 0.078704
16 0.370573 0.592130 0.030729 0.075000
16 0.133073 0.352778 0.019271 0.094444
16 0.169531 0.305093 0.022396 0.076852
16 0.216406 0.301389 0.017188 0.076852
16 0.763021 0.717593 0.027083 0.124074
19 0.672917 0.465278 0.016667 0.037963
20 0.710677 0.293519 0.022396 0.092593
