17 0.129948 0.607870 0.020313 0.126852
17 0.079948 0.468519 0.018229 0.096296
17 0.293229 0.339352 0.013542 0.080556
17 0.409635 0.244444 0.022396 0.064815
17 0.513281 0.460185 0.019271 0.088889
17 0.702865 0.569907 0.029687 0.102778
17 0.790625 0.739815 0.023958 0.129630
17 0.896094 0.495370 0.019271 0.111111
17 0.844531 0.373611 0.022396 0.073148
16 0.054167 0.445370 0.015625 0.090741
16 0.215365 0.575926 0.019271 0.101852
16 0.215885 0.375463 0.020313 0.076852
16 0.227865 0.293981 0.017188 0.065741
16 0.480469 0.384722 0.021354 0.086111
16 0.477604 0.643519 0.020833 0.109259
16 0.653385 0.433796 0.019271 0.087963
16 0.681510 0.530556 0.022396 0.100000
18 0.363281 0.534722 0.016146 0.097222
19 0.794531 0.447222 0.010937 0.018519
