19 0.227865 0.412037 0.011979 0.024074
18 0.702344 0.448148 0.017188 0.096296
17 0.356510 0.520833 0.020313 0.100926
17 0.443490 0.373148 0.020313 0.092593
17 0.617448 0.385185 0.017188 0.092593
17 0.811198 0.440741 0.019271 0.098148
17 0.807552 0.302315 0.017188 0.086111
16 0.936198 0.375463 0.020313 0.097222
16 0.149740 0.633796 0.026562 0.106481
16 0.129427 0.433796 0.019271 0.100926
16 0.183594 0.369444 0.017188 0.085185
16 0.623437 0.565278 0.025000 0.104630
16 0.622396 0.893981 0.027083 0.130556
16 0.660937 0.470370 0.020833 0.100000
16 0.839583 0.422222 0.026042 0.096296
