17 0.116927 0.544444 0.025521 0.109259
17 0.093229 0.784259 0.026042 0.148148
17 0.376823 0.471296 0.020313 0.098148
17 0.430729 0.625926 0.023958 0.111111
17 0.693750 0.496759 0.020833 0.104630
17 0.658073 0.332407 0.017188 0.083333
17 0.825260 0.424537 0.022396 0.082407
17 0.941667 0.542593 0.027083 0.112963
16 0.350781 0.641667 0.022396 0.116667
16 0.033333 0.561111 0.028125 0.112963
16 0.318490 0.483333 0.021354 0.111111
16 0.672396 0.405556 0.017708 0.088889
16 0.494010 0.286574 0.019271 0.080556
16 0.819010 0.363426 0.023438 0.073148
16 0.860938 0.553704 0.028125 0.103704
18 0.738542 0.484259 0.023958 0.088889
