17 0.512760 0.530556 0.041146 0.088889
17 0.228646 0.418056 0.027083 0.104630
17 0.451042 0.806944 0.037500 0.130556
17 0.685417 0.461111 0.035417 0.081481
17 0.765625 0.329167 0.023958 0.097222
17 0.553385 0.422685 0.027604 0.086111
16 0.260677 0.410648 0.021354 0.106481
16 0.086198 0.543519 0.021354 0.101852
16 0.144531 0.396759 0.018229 0.095370
16 0.422656 0.490278 0.026562 0.080556
16 0.624740 0.416667 0.022396 0.098148
16 0.835417 0.612963 0.029167 0.116667
16 0.830208 0.400463 0.018750 0.099074
19 0.376042 0.517593 0.012500 0.025926
18 0.621875 0.509722 0.021875 0.102778
