17 0.585417 0.661111 0.026042 0.140741
17 0.422917 0.457870 0.025000 0.104630
17 0.269531 0.349537 0.026562 0.097222
17 0.477865 0.251852 0.021354 0.087037
17 0.665365 0.174537 0.018229 0.076852
17 0.827344 0.483333 0.022396 0.107407
17 0.863281 0.361574 0.018229 0.097222
17 0.921094 0.290741 0.016146 0.088889
16 0.242188 0.454167 0.028125 0.108333
16 0.217448 0.349537 0.021354 0.104630
16 0.439063 0.552778 0.027083 0.116667
16 0.369531 0.300926 0.023438 0.092593
16 0.450781 0.245833 0.017188 0.089815
16 0.563542 0.333333 0.020833 0.085185
16 0.629948 0.446759 0.032813 0.106481
16 0.646615 0.262037 0.019271 0.087037
16 0.772135 0.351852 0.018229 0.092593
19 0.653646 0.673148 0.014583 0.020370
18 0.308073 0.491204 0.019271 0.095370
