17 0.046354 0.738889 0.040625 0.122222
17 0.454688 0.631019 0.025000 0.125000
17 0.455469 0.496759 0.021354 0.104630
17 0.554948 0.450926 0.021354 0.090741
17 0.817448 0.354630 0.020313 0.087037
16 0.395313 0.608333 0.026042 0.114815
16 0.288542 0.606019 0.027083 0.095370
16 0.484896 0.471759 0.012500 0.104630
16 0.493490 0.562037 0.018229 0.111111
16 0.570573 0.680556 0.022396 0.111111
16 0.690365 0.512500 0.016146 0.112037
16 0.696615 0.383796 0.025521 0.087963
16 0.992969 0.442130 0.014063 0.100926
22 0.311198 0.433333 0.033854 0.066667
18 0.597917 0.718981 0.026042 0.123148
17 0.952604 0.662500 0.028125 0.123148
