18 0.316667 0.583796 0.027083 0.106481
17 0.110677 0.699537 0.029687 0.132407
17 0.081771 0.398611 0.016667 0.095370
17 0.431771 0.267130 0.021875 0.080556
17 0.589583 0.495833 0.029167 0.104630
17 0.770312 0.409722 0.023958 0.097222
17 0.736979 0.661574 0.029167 0.121296
16 0.296875 0.654630 0.030208 0.111111
16 0.485417 0.486574 0.025000 0.100926
16 0.538281 0.844444 0.030729 0.144444
16 0.529427 0.412037 0.020313 0.092593
16 0.675260 0.508333 0.023438 0.092593
16 0.040365 0.417130 0.020313 0.099074
16 0.138281 0.327315 0.017188 0.087963
19 0.742188 0.454630 0.012500 0.022222
