17 0.396615 0.341204 0.030729 0.100926
17 0.608333 0.543519 0.035417 0.131481
17 0.690625 0.366667 0.025000 0.094444
17 0.914583 0.693519 0.031250 0.137037
17 0.875000 0.137037 0.017708 0.081481
16 0.048958 0.564815 0.035417 0.144444
16 0.084635 0.207407 0.020313 0.083333
16 0.545312 0.359722 0.027083 0.100926
16 0.730990 0.505556 0.031771 0.111111
16 0.830208 0.731944 0.026042 0.145370
16 0.709635 0.113889 0.018229 0.072222
16 0.944010 0.219444 0.022396 0.098148
19 0.125521 0.623148 0.013542 0.031481
18 0.852344 0.306019 0.018229 0.099074
