17 0.231250 0.418981 0.014583 0.050926
17 0.460156 0.504167 0.019271 0.063889
17 0.257812 0.355556 0.011458 0.048148
17 0.733333 0.387500 0.015625 0.049074
17 0.558594 0.300926 0.009896 0.040741
17 0.438542 0.269907 0.012500 0.041667
17 0.684896 0.287963 0.009375 0.035185
17 0.597396 0.267593 0.011458 0.042593
16 0.345313 0.485185 0.013542 0.066667
16 0.205990 0.414815 0.018229 0.053704
16 0.245312 0.355556 0.011458 0.051852
16 0.568750 0.531481 0.016667 0.059259
16 0.526823 0.417130 0.015104 0.058333
16 0.333854 0.302778 0.011458 0.048148
16 0.546094 0.312037 0.011979 0.038889
16 0.608854 0.293981 0.011458 0.045370
16 0.565104 0.277315 0.012500 0.032407
16 0.723177 0.354630 0.010937 0.042593
20 0.849479 0.301852 0.012500 0.046296
18 0.521094 0.355556 0.015104 0.044444
19 0.478646 0.282870 0.009375 0.019444
