15 0.289844 0.607870 0.025521 0.100926
15 0.394271 0.610185 0.032292 0.125926
15 0.491406 0.559259 0.020313 0.112963
15 0.484115 0.473611 0.020313 0.108333
15 0.540885 0.447222 0.018229 0.103704
15 0.691146 0.511574 0.018750 0.117593
15 0.696354 0.385648 0.022917 0.089815
15 0.568490 0.680556 0.033854 0.116667
15 0.990365 0.440741 0.019271 0.109259
16 0.047396 0.741204 0.044792 0.123148
16 0.454948 0.629630 0.029687 0.129630
16 0.457552 0.497222 0.023438 0.103704
16 0.554688 0.452315 0.021875 0.100926
16 0.820052 0.355093 0.027604 0.095370
19 0.315365 0.434722 0.040104 0.078704
17 0.595313 0.721296 0.033333 0.131481
