16 0.136719 0.625000 0.027604 0.112963
16 0.169010 0.512500 0.026562 0.093519
16 0.389323 0.391667 0.027604 0.072222
16 0.487760 0.460185 0.031771 0.088889
16 0.647396 0.612963 0.025000 0.109259
16 0.769010 0.528704 0.032813 0.092593
16 0.814063 0.428241 0.025000 0.084259
16 0.982292 0.610185 0.035417 0.114815
16 0.926302 0.773611 0.034896 0.126852
17 0.048958 0.923148 0.041667 0.153704
17 0.123438 0.571759 0.026042 0.078704
17 0.561198 0.604167 0.029687 0.106481
17 0.520833 0.293056 0.027083 0.067593
17 0.696615 0.386574 0.028646 0.086111
17 0.797396 0.670370 0.030208 0.114815
17 0.945833 0.544444 0.026042 0.096296
19 0.668229 0.406481 0.012500 0.022222
18 0.545833 0.553704 0.026042 0.083333
