19 0.153125 0.787963 0.014583 0.027778
17 0.092188 0.379630 0.026042 0.088889
17 0.422135 0.643981 0.029687 0.123148
17 0.518229 0.341667 0.025000 0.088889
17 0.789323 0.658333 0.030729 0.122222
17 0.800260 0.281944 0.022396 0.075000
17 0.946094 0.321296 0.020313 0.079630
16 0.922917 0.791667 0.028125 0.138889
16 0.128125 0.745833 0.023958 0.136111
16 0.327604 0.360185 0.023958 0.087037
16 0.546615 0.491204 0.024479 0.095370
16 0.501823 0.151389 0.015104 0.075000
16 0.663802 0.306944 0.019271 0.084259
16 0.735156 0.217593 0.019271 0.066667
16 0.937500 0.366667 0.025000 0.090741
18 0.684375 0.354630 0.026042 0.087037
