17 0.115885 0.659259 0.031771 0.153704
17 0.393490 0.759259 0.020313 0.155556
17 0.761979 0.715741 0.023958 0.129630
17 0.454688 0.315741 0.022917 0.090741
17 0.183594 0.354630 0.028646 0.087037
17 0.656250 0.147222 0.025000 0.087037
17 0.989323 0.395370 0.021354 0.112963
16 0.707292 0.509259 0.025000 0.122222
16 0.354948 0.661111 0.029687 0.140741
16 0.319271 0.505556 0.026042 0.131481
16 0.069792 0.571759 0.029167 0.139815
16 0.157552 0.350000 0.019271 0.094444
16 0.354948 0.299074 0.027604 0.092593
16 0.395052 0.227778 0.021354 0.087037
16 0.645833 0.281944 0.015625 0.102778
16 0.517448 0.385185 0.021354 0.092593
18 0.288281 0.493519 0.027604 0.114815
19 0.746354 0.743981 0.014583 0.028704
