16 0.287240 0.546759 0.022396 0.108333
16 0.414062 0.422685 0.022917 0.106481
16 0.489583 0.511574 0.023958 0.095370
16 0.522396 0.496296 0.023958 0.096296
16 0.610417 0.452778 0.026042 0.087037
16 0.643229 0.514815 0.023958 0.088889
16 0.021875 0.694444 0.030208 0.122222
16 0.881250 0.414352 0.023958 0.102778
16 0.973437 0.738889 0.034375 0.131481
17 0.455469 0.671296 0.028646 0.116667
17 0.433333 0.427315 0.017708 0.102778
17 0.588542 0.484259 0.029167 0.109259
17 0.711458 0.599074 0.023958 0.109259
17 0.691927 0.263426 0.021354 0.082407
17 0.017188 0.793981 0.033333 0.104630
18 0.607812 0.629167 0.027083 0.115741
19 0.623437 0.584722 0.015625 0.028704
