16 0.178906 0.669444 0.023438 0.088889
16 0.471094 0.431944 0.021354 0.093519
16 0.723698 0.390741 0.019271 0.074074
16 0.554167 0.353241 0.025000 0.073148
16 0.956250 0.320370 0.020833 0.066667
16 0.966406 0.627315 0.022396 0.104630
17 0.073177 0.752315 0.033854 0.128704
17 0.676042 0.559722 0.021875 0.099074
17 0.572917 0.355556 0.016667 0.075926
17 0.880469 0.443056 0.022396 0.089815
22 0.295052 0.341667 0.018229 0.072222
16 0.650521 0.555093 0.022917 0.100926
18 0.973698 0.540741 0.023438 0.085185
19 0.067448 0.787037 0.018229 0.022222
