19 0.200000 0.855556 0.017708 0.029630
17 0.266146 0.545370 0.026042 0.111111
17 0.654167 0.630556 0.025000 0.114815
17 0.413281 0.439815 0.023438 0.116667
17 0.778906 0.449074 0.030729 0.107407
17 0.475781 0.315278 0.019271 0.097222
17 0.774219 0.306481 0.020313 0.094444
17 0.925000 0.423148 0.021875 0.098148
16 0.257031 0.436111 0.023438 0.096296
16 0.375521 0.568981 0.022917 0.112037
16 0.439844 0.408333 0.020313 0.094444
16 0.449219 0.312963 0.018229 0.096296
16 0.492708 0.393981 0.021875 0.100926
16 0.647135 0.422222 0.022396 0.096296
16 0.669531 0.275463 0.020313 0.082407
16 0.888281 0.411574 0.016146 0.104630
18 0.623698 0.490278 0.019271 0.108333
22 0.249219 0.266667 0.021354 0.096296
16 0.469271 0.408796 0.036458 0.041667
