17 0.236719 0.527778 0.019271 0.114815
17 0.239323 0.388889 0.019271 0.087037
17 0.285677 0.746759 0.030729 0.134259
17 0.511458 0.559722 0.022917 0.102778
17 0.669271 0.232870 0.014583 0.076852
17 0.912760 0.417130 0.019271 0.099074
17 0.684115 0.312037 0.015104 0.046296
16 0.018750 0.537963 0.025000 0.114815
16 0.219010 0.361574 0.021354 0.097222
16 0.387240 0.408796 0.020313 0.089815
16 0.455469 0.868519 0.023438 0.133333
16 0.692969 0.374537 0.019271 0.095370
16 0.859115 0.383796 0.020313 0.087963
16 0.851302 0.284259 0.016146 0.087037
19 0.372396 0.473148 0.015625 0.025926
22 0.166146 0.445833 0.020833 0.097222
18 0.798958 0.494444 0.022917 0.100000
16 0.580729 0.222685 0.015625 0.073148
