19 0.416146 0.502778 0.011458 0.020370
16 0.336979 0.410185 0.022917 0.092593
16 0.387760 0.518519 0.020313 0.096296
16 0.103125 0.947222 0.026042 0.100000
16 0.584896 0.639352 0.022917 0.112037
16 0.491406 0.362963 0.019271 0.070370
16 0.533073 0.218519 0.019271 0.061111
16 0.674219 0.465278 0.020313 0.082407
17 0.335156 0.643056 0.023438 0.097222
17 0.387500 0.722222 0.026042 0.116667
17 0.468229 0.532407 0.020833 0.092593
17 0.820312 0.612963 0.022917 0.120370
17 0.763021 0.447222 0.023958 0.087037
17 0.688542 0.365741 0.030208 0.068519
17 0.708854 0.267593 0.014583 0.074074
17 0.868490 0.738889 0.028646 0.127778
18 0.501823 0.431019 0.021354 0.086111
