16 0.115365 0.746296 0.029687 0.137037
16 0.252865 0.441204 0.017188 0.110185
16 0.130469 0.370833 0.019271 0.102778
16 0.471875 0.474537 0.025000 0.100926
16 0.444271 0.358333 0.021875 0.087037
17 0.401042 0.521296 0.026042 0.111111
17 0.217708 0.375926 0.023958 0.092593
17 0.344010 0.381019 0.024479 0.082407
17 0.384115 0.323611 0.023438 0.104630
17 0.496875 0.367593 0.022917 0.075926
17 0.607812 0.456019 0.034375 0.108333
17 0.850000 0.668519 0.027083 0.138889
18 0.192708 0.526389 0.021875 0.104630
19 0.453646 0.437963 0.011458 0.027778
