16 0.052604 0.477315 0.028125 0.119444
16 0.250000 0.467130 0.027083 0.099074
16 0.111719 0.346759 0.018229 0.102778
16 0.336719 0.302778 0.023438 0.096296
16 0.404427 0.200463 0.021354 0.076852
16 0.496875 0.609259 0.036458 0.112963
16 0.595313 0.348148 0.020833 0.094444
16 0.553906 0.274074 0.019271 0.087037
16 0.737240 0.500000 0.021354 0.112963
17 0.133333 0.489815 0.027083 0.116667
17 0.169531 0.336111 0.024479 0.098148
17 0.473438 0.293056 0.023958 0.100926
17 0.561979 0.155093 0.014583 0.078704
17 0.709635 0.382870 0.020313 0.110185
17 0.860938 0.268056 0.021875 0.082407
17 0.818229 0.520833 0.025000 0.108333
17 0.670052 0.737500 0.045312 0.128704
18 0.478125 0.448611 0.026042 0.102778
19 0.696615 0.694444 0.011979 0.029630
