17 0.366406 0.559722 0.024479 0.110185
17 0.515365 0.390741 0.023438 0.077778
17 0.129688 0.413889 0.015625 0.088889
17 0.314323 0.292130 0.014063 0.065741
17 0.545833 0.233333 0.016667 0.066667
17 0.688542 0.432870 0.021875 0.082407
17 0.863281 0.323148 0.018229 0.068519
17 0.902865 0.455093 0.018229 0.086111
17 0.901302 0.706944 0.025521 0.126852
18 0.325781 0.522222 0.020313 0.092593
16 0.082031 0.521759 0.020313 0.102778
16 0.173958 0.387500 0.017708 0.087963
16 0.266146 0.338426 0.016667 0.071296
16 0.279167 0.282407 0.011458 0.070370
16 0.534115 0.348611 0.018229 0.075000
16 0.642708 0.443056 0.022917 0.078704
16 0.607292 0.589352 0.025000 0.104630
16 0.800000 0.443981 0.025000 0.080556
19 0.835417 0.371296 0.012500 0.020370
