17 0.194531 0.600463 0.022396 0.126852
17 0.289844 0.438426 0.020313 0.104630
17 0.273698 0.331481 0.022396 0.092593
17 0.470833 0.294907 0.022917 0.080556
17 0.774219 0.457870 0.024479 0.100926
17 0.869531 0.378704 0.018229 0.090741
17 0.976302 0.460185 0.019271 0.109259
17 0.928646 0.767130 0.037500 0.143519
16 0.186198 0.446296 0.021354 0.112963
16 0.202344 0.327315 0.022396 0.093519
16 0.446615 0.612500 0.030729 0.126852
16 0.419271 0.289815 0.016667 0.070370
16 0.819531 0.467130 0.022396 0.102778
16 0.954948 0.387500 0.019271 0.108333
16 0.973698 0.896296 0.031771 0.159259
18 0.743490 0.503241 0.029687 0.099074
