16 0.553906 0.425463 0.030729 0.125000
16 0.542448 0.342130 0.034896 0.099074
16 0.308594 0.131019 0.027604 0.099074
16 0.170833 0.028704 0.023958 0.050000
16 0.643750 0.062500 0.027083 0.099074
17 0.441667 0.450463 0.032292 0.125000
17 0.357292 0.285648 0.027083 0.106481
17 0.129688 0.028704 0.020833 0.050000
17 0.560937 0.312037 0.025000 0.114815
17 0.633073 0.413889 0.030729 0.109259
17 0.822917 0.382870 0.026042 0.130556
17 0.658333 0.133796 0.022917 0.080556
17 0.519531 0.052315 0.019271 0.075000
20 0.359375 0.799537 0.050000 0.147222
18 0.659115 0.213426 0.028646 0.095370
