17 0.369531 0.615741 0.030729 0.114815
17 0.074479 0.458796 0.025000 0.130556
17 0.236979 0.412963 0.023958 0.111111
17 0.326823 0.337500 0.029687 0.097222
17 0.387240 0.479167 0.031771 0.095370
17 0.610677 0.414815 0.034896 0.094444
17 0.614062 0.853704 0.046875 0.138889
17 0.945312 0.570833 0.038542 0.121296
16 0.139063 0.440278 0.025000 0.104630
16 0.091667 0.409259 0.025000 0.092593
16 0.292969 0.498611 0.029687 0.100926
16 0.467448 0.424074 0.029687 0.092593
16 0.678906 0.540741 0.033854 0.109259
18 0.158333 0.618056 0.027083 0.113889
