17 0.498958 0.728704 0.027083 0.135185
17 0.410938 0.370370 0.025000 0.087037
17 0.123177 0.533796 0.029687 0.099074
17 0.017969 0.787037 0.029687 0.159259
17 0.709635 0.446759 0.022396 0.106481
17 0.769792 0.558796 0.022917 0.121296
17 0.893750 0.540741 0.028125 0.124074
16 0.088542 0.671296 0.021875 0.137037
16 0.111719 0.441204 0.022396 0.102778
16 0.739062 0.432870 0.029167 0.106481
16 0.257292 0.959259 0.030208 0.081481
18 0.476562 0.516204 0.022917 0.108333
19 0.201563 0.457407 0.013542 0.025926
