16 0.355208 0.745833 0.034375 0.117593
16 0.670573 0.821759 0.030729 0.154630
16 0.335677 0.560648 0.021354 0.112037
16 0.165104 0.340741 0.022917 0.094444
16 0.424219 0.443056 0.022396 0.099074
16 0.184375 0.160185 0.017708 0.075926
16 0.452083 0.241667 0.019792 0.077778
16 0.585677 0.321296 0.021354 0.079630
17 0.459635 0.428241 0.020313 0.100926
17 0.494531 0.556944 0.024479 0.108333
17 0.120833 0.394444 0.022917 0.098148
17 0.259115 0.330093 0.020313 0.099074
17 0.503646 0.230556 0.015625 0.079630
17 0.382031 0.166204 0.017188 0.080556
17 0.706250 0.412963 0.025000 0.111111
17 0.607292 0.299074 0.016667 0.081481
17 0.763542 0.655093 0.023958 0.145370
18 0.371354 0.311111 0.027083 0.088889
20 0.937500 0.192593 0.025000 0.088889
