18 0.107552 0.490278 0.017188 0.091667
17 0.254427 0.299074 0.022396 0.072222
17 0.196615 0.537500 0.016146 0.089815
17 0.285938 0.420833 0.015625 0.086111
17 0.455469 0.312037 0.019271 0.070370
17 0.493750 0.401852 0.018750 0.085185
17 0.623437 0.584722 0.020833 0.097222
20 0.797135 0.381481 0.017188 0.075926
16 0.371094 0.437037 0.018229 0.083333
16 0.408333 0.483333 0.013542 0.083333
16 0.304167 0.329630 0.015625 0.072222
16 0.331771 0.359722 0.014583 0.076852
16 0.531771 0.715278 0.022917 0.036111
