17 0.360156 0.631944 0.028646 0.099074
17 0.466667 0.538889 0.026042 0.088889
17 0.221354 0.328241 0.029167 0.086111
17 0.567187 0.693056 0.026042 0.102778
17 0.646354 0.517130 0.026042 0.106481
17 0.867708 0.586111 0.027083 0.122222
17 0.592448 0.127778 0.019271 0.072222
17 0.848698 0.221759 0.020313 0.075000
17 0.992188 0.316667 0.015625 0.092593
16 0.396615 0.369444 0.019271 0.088889
16 0.039062 0.292593 0.027083 0.092593
16 0.446094 0.601389 0.021354 0.104630
16 0.365104 0.799537 0.027083 0.106481
16 0.785937 0.562037 0.023958 0.111111
16 0.405469 0.108796 0.017188 0.062037
16 0.745573 0.233796 0.016146 0.078704
16 0.913802 0.295833 0.019271 0.086111
18 0.625260 0.323611 0.021354 0.084259
19 0.456771 0.669444 0.011458 0.027778
