17 0.227344 0.677315 0.024479 0.132407
17 0.344010 0.624074 0.024479 0.122222
17 0.258333 0.598611 0.023958 0.100926
17 0.588542 0.365278 0.025000 0.084259
17 0.871094 0.443056 0.019271 0.102778
17 0.840365 0.672222 0.030729 0.118519
16 0.124740 0.669444 0.021354 0.109259
16 0.225781 0.582870 0.019271 0.080556
16 0.379167 0.534259 0.022917 0.112963
16 0.492708 0.678241 0.023958 0.130556
16 0.550000 0.389352 0.017708 0.080556
16 0.674740 0.405556 0.018229 0.100000
16 0.739844 0.450463 0.021354 0.104630
16 0.805469 0.496296 0.017188 0.105556
16 0.889323 0.617130 0.019271 0.117593
20 0.094531 0.551852 0.019271 0.122222
18 0.723177 0.612037 0.020313 0.111111
