18 0.302344 0.379630 0.019271 0.075926
17 0.409896 0.438889 0.021875 0.074074
17 0.493750 0.569907 0.035417 0.106481
17 0.569792 0.383796 0.023958 0.084259
17 0.464323 0.283333 0.023438 0.072222
17 0.289844 0.206481 0.015104 0.075926
17 0.023958 0.376389 0.021875 0.075000
17 0.816927 0.642130 0.022396 0.099074
16 0.265625 0.606019 0.029167 0.095370
16 0.047135 0.356019 0.020313 0.082407
16 0.133594 0.211574 0.023438 0.062037
16 0.382031 0.291204 0.018229 0.073148
16 0.494271 0.406944 0.020833 0.078704
16 0.725781 0.691667 0.028646 0.092593
