15 0.066146 0.567130 0.037500 0.136111
15 0.159115 0.350000 0.021354 0.105556
15 0.316927 0.504630 0.027604 0.133333
15 0.355208 0.302315 0.026042 0.093519
15 0.393750 0.226389 0.019792 0.095370
15 0.517969 0.388889 0.026562 0.103704
15 0.354948 0.659259 0.026562 0.133333
15 0.709635 0.510185 0.026562 0.125926
15 0.644531 0.283333 0.021354 0.098148
16 0.113281 0.661574 0.028646 0.162037
16 0.391667 0.759722 0.027083 0.160185
16 0.183594 0.355556 0.035937 0.100000
16 0.762760 0.712500 0.031771 0.145370
16 0.452865 0.318981 0.028646 0.099074
16 0.653125 0.144907 0.019792 0.089815
16 0.989583 0.394907 0.020833 0.115741
17 0.286979 0.493981 0.028125 0.117593
18 0.745573 0.743981 0.014063 0.023148
