15 0.384896 0.509722 0.038542 0.110185
15 0.352344 0.302315 0.028646 0.084259
15 0.600260 0.486111 0.041146 0.105556
15 0.558333 0.420833 0.039583 0.095370
15 0.953125 0.919444 0.044792 0.161111
16 0.308333 0.565741 0.035417 0.114815
16 0.267969 0.466667 0.040104 0.103704
16 0.436198 0.370370 0.039062 0.094444
16 0.656771 0.500926 0.034375 0.124074
16 0.563021 0.406944 0.019792 0.086111
16 0.762760 0.675000 0.030729 0.144444
17 0.127865 0.496296 0.027604 0.105556
18 0.536458 0.353704 0.015625 0.025926
