15 0.154167 0.724537 0.019792 0.086111
15 0.089323 0.563889 0.019271 0.077778
15 0.219531 0.411111 0.016146 0.061111
15 0.293750 0.512500 0.016667 0.076852
15 0.505208 0.347685 0.021875 0.041667
15 0.518490 0.417130 0.015104 0.049074
15 0.499219 0.517130 0.022396 0.060185
15 0.504427 0.501852 0.022396 0.059259
15 0.497396 0.657407 0.026042 0.079630
15 0.501302 0.859259 0.026562 0.111111
16 0.594531 0.457407 0.021354 0.064815
16 0.511198 0.443056 0.020313 0.060185
16 0.523177 0.609722 0.034896 0.080556
16 0.687240 0.498148 0.021354 0.070370
16 0.683333 0.550926 0.022917 0.068519
16 0.686458 0.374074 0.016667 0.059259
16 0.791406 0.408796 0.018229 0.058333
16 0.889583 0.502778 0.020833 0.074074
16 0.883594 0.609722 0.025521 0.087963
16 0.846354 0.770833 0.023958 0.102778
17 0.477344 0.437963 0.016146 0.055556
18 0.402865 0.539352 0.011979 0.017593
