18 0.522917 0.498148 0.022917 0.096296
17 0.629427 0.318056 0.022396 0.082407
17 0.330469 0.601852 0.022396 0.107407
17 0.138542 0.450000 0.021875 0.105556
17 0.172396 0.362037 0.019792 0.094444
17 0.389844 0.337500 0.019271 0.084259
17 0.777344 0.428704 0.018229 0.098148
17 0.791146 0.652315 0.034375 0.134259
17 0.851823 0.805093 0.036979 0.134259
16 0.086458 0.514352 0.026042 0.104630
16 0.308594 0.354167 0.020313 0.078704
16 0.486979 0.307407 0.023958 0.068519
16 0.666667 0.456019 0.034375 0.084259
19 0.722135 0.357407 0.010937 0.020370
