17 0.071615 0.655556 0.030729 0.144444
17 0.434896 0.596759 0.023958 0.104630
17 0.536979 0.450926 0.023958 0.101852
17 0.848437 0.697685 0.035417 0.121296
17 0.798438 0.409722 0.028125 0.108333
17 0.685156 0.293981 0.019271 0.099074
17 0.590885 0.206944 0.018229 0.080556
17 0.478646 0.128704 0.017708 0.074074
17 0.273177 0.572685 0.021354 0.112037
16 0.291667 0.571759 0.025000 0.119444
16 0.420312 0.544907 0.021875 0.104630
16 0.114844 0.245370 0.019271 0.090741
16 0.427865 0.317130 0.018229 0.087963
16 0.340625 0.090741 0.017708 0.066667
16 0.499740 0.184259 0.015104 0.085185
16 0.726302 0.387500 0.021354 0.100926
16 0.756250 0.864815 0.027083 0.133333
19 0.364323 0.698611 0.016146 0.026852
18 0.382552 0.302315 0.020313 0.086111
