17 0.277083 0.573148 0.022917 0.120370
17 0.179948 0.398611 0.022396 0.086111
17 0.734635 0.878241 0.027604 0.102778
17 0.864323 0.427778 0.021354 0.096296
17 0.840885 0.321296 0.018229 0.072222
17 0.555469 0.172222 0.020313 0.068519
17 0.608854 0.069444 0.017708 0.061111
16 0.166667 0.610185 0.023958 0.101852
16 0.094792 0.527315 0.025000 0.110185
16 0.151562 0.381481 0.027083 0.085185
16 0.432292 0.508796 0.020833 0.104630
16 0.675521 0.670370 0.025000 0.122222
16 0.429948 0.246759 0.018229 0.080556
16 0.387500 0.155556 0.016667 0.070370
16 0.769531 0.431019 0.018229 0.095370
16 0.801302 0.234722 0.020313 0.084259
16 0.973698 0.335185 0.018229 0.088889
19 0.342187 0.613889 0.014583 0.025926
18 0.504687 0.314352 0.017708 0.075000
