18 0.053646 0.450000 0.016667 0.085185
19 0.767188 0.472222 0.013542 0.020370
17 0.363021 0.506481 0.015625 0.100000
17 0.105729 0.433796 0.023958 0.100926
17 0.207031 0.143056 0.016146 0.065741
17 0.570833 0.475000 0.014583 0.098148
17 0.750260 0.640278 0.022396 0.115741
17 0.814323 0.424074 0.017188 0.100000
17 0.754948 0.271759 0.016146 0.082407
16 0.465104 0.575926 0.020833 0.107407
16 0.306510 0.485648 0.020313 0.102778
16 0.289583 0.407407 0.020833 0.092593
16 0.250521 0.355093 0.018750 0.080556
16 0.368750 0.292130 0.013542 0.082407
16 0.462240 0.411111 0.015104 0.094444
