16 0.414062 0.501852 0.027083 0.109259
16 0.317708 0.356019 0.019792 0.093519
16 0.346615 0.298611 0.022396 0.093519
16 0.754948 0.312500 0.024479 0.091667
16 0.877344 0.430556 0.022396 0.111111
16 0.874479 0.712963 0.031250 0.153704
15 0.062500 0.470833 0.023958 0.112037
15 0.069792 0.384259 0.029167 0.096296
15 0.235156 0.373611 0.022396 0.093519
15 0.297917 0.589815 0.030208 0.120370
15 0.367969 0.326852 0.020313 0.098148
15 0.526563 0.460185 0.023958 0.107407
17 0.228385 0.484259 0.023438 0.107407
