16 0.193490 0.747685 0.017188 0.063889
16 0.165885 0.604167 0.020313 0.050926
16 0.270833 0.482870 0.014583 0.037963
16 0.316406 0.565741 0.016146 0.035185
16 0.495312 0.564815 0.011458 0.044444
16 0.486458 0.475000 0.013542 0.029630
16 0.491406 0.412500 0.009896 0.030556
16 0.492188 0.693519 0.013542 0.051852
16 0.475521 0.829167 0.014583 0.030556
17 0.568490 0.657407 0.019271 0.048148
17 0.678906 0.597222 0.016146 0.044444
17 0.531250 0.502315 0.012500 0.036111
17 0.578646 0.509259 0.012500 0.038889
17 0.666406 0.549074 0.016146 0.044444
17 0.658333 0.441204 0.011458 0.037963
17 0.771354 0.467130 0.014583 0.045370
17 0.844010 0.557407 0.016146 0.046296
17 0.866406 0.651389 0.017188 0.052778
17 0.880990 0.787963 0.017188 0.088889
18 0.463542 0.495833 0.011458 0.034259
19 0.482812 0.580093 0.011458 0.013889
