17 0.211719 0.565741 0.023438 0.118519
17 0.049219 0.499074 0.022396 0.098148
17 0.659115 0.590741 0.023438 0.109259
17 0.819792 0.429630 0.030208 0.096296
17 0.724219 0.376852 0.024479 0.087037
17 0.575781 0.312963 0.024479 0.072222
17 0.971094 0.373611 0.018229 0.091667
17 0.943229 0.775000 0.026042 0.142593
16 0.295052 0.489815 0.024479 0.092593
16 0.018229 0.541204 0.021875 0.106481
16 0.008594 0.485185 0.016146 0.094444
16 0.459635 0.588426 0.019271 0.104630
16 0.382552 0.395833 0.019271 0.087963
16 0.471615 0.329630 0.024479 0.072222
16 0.662500 0.359722 0.021875 0.084259
16 0.628385 0.408796 0.023438 0.062037
16 0.723177 0.497685 0.020313 0.102778
18 0.489583 0.547685 0.025000 0.102778
19 0.751042 0.427778 0.013542 0.016667
