18 0.369531 0.539815 0.030729 0.098148
16 0.285417 0.681481 0.026042 0.129630
16 0.134635 0.474074 0.020313 0.109259
16 0.045052 0.307407 0.020313 0.088889
16 0.451042 0.378704 0.021875 0.101852
16 0.441927 0.276852 0.017188 0.079630
16 0.446615 0.328241 0.019271 0.075000
16 0.743229 0.523611 0.023958 0.113889
17 0.110156 0.575000 0.026562 0.116667
17 0.524479 0.582870 0.028125 0.112037
17 0.572656 0.336111 0.014063 0.087037
17 0.357552 0.295833 0.018229 0.086111
17 0.916406 0.359259 0.019271 0.096296
17 0.861198 0.832407 0.031771 0.153704
19 0.476042 0.325000 0.012500 0.020370
