17 0.145313 0.707870 0.039583 0.156481
17 0.104688 0.212963 0.028125 0.092593
17 0.396094 0.634259 0.029687 0.111111
17 0.387500 0.211574 0.021875 0.082407
17 0.556250 0.462963 0.030208 0.098148
17 0.718229 0.705556 0.035417 0.133333
17 0.905208 0.660648 0.037500 0.126852
17 0.868750 0.408796 0.026042 0.095370
17 0.705469 0.230093 0.019271 0.082407
17 0.620052 0.083796 0.022396 0.073148
16 0.304427 0.457870 0.029687 0.108333
16 0.234115 0.793056 0.031771 0.134259
16 0.497396 0.597685 0.030208 0.126852
16 0.828906 0.735648 0.046354 0.125000
16 0.838281 0.364352 0.032813 0.075000
16 0.333594 0.194907 0.020313 0.080556
16 0.653646 0.140741 0.021875 0.074074
16 0.586719 0.035185 0.021354 0.064815
18 0.538021 0.277778 0.021875 0.087037
19 0.258073 0.713889 0.018229 0.031481
