20 0.813802 0.501389 0.031771 0.102778
17 0.214323 0.640278 0.026562 0.123148
17 0.246094 0.496296 0.023438 0.112963
17 0.239323 0.337500 0.021354 0.084259
17 0.389062 0.442593 0.027083 0.090741
17 0.518490 0.487500 0.033854 0.102778
17 0.559115 0.549537 0.027604 0.119444
17 0.706771 0.623148 0.026042 0.137037
18 0.053646 0.473148 0.026042 0.101852
19 0.410938 0.433333 0.013542 0.025926
16 0.142448 0.478241 0.022396 0.117593
16 0.211719 0.323148 0.018229 0.092593
16 0.361979 0.523611 0.027083 0.106481
16 0.592708 0.536574 0.026042 0.104630
16 0.811198 0.846296 0.030729 0.137037
