17 0.240625 0.492130 0.020833 0.108333
17 0.272917 0.325463 0.018750 0.080556
17 0.473698 0.326389 0.020313 0.075000
17 0.539583 0.344444 0.022917 0.070370
17 0.854948 0.408796 0.021354 0.099074
17 0.729167 0.308796 0.021875 0.084259
17 0.467187 0.883796 0.034375 0.158333
17 0.903125 0.636111 0.025000 0.131481
17 0.512240 0.449074 0.018229 0.101852
16 0.713542 0.427778 0.023958 0.088889
16 0.476042 0.538889 0.025000 0.112963
16 0.206510 0.446296 0.018229 0.092593
16 0.201563 0.351389 0.014583 0.093519
16 0.435417 0.299074 0.025000 0.072222
16 0.513281 0.351852 0.020313 0.068519
16 0.664062 0.309259 0.020833 0.085185
18 0.527865 0.439815 0.019271 0.088889
