17 0.117708 0.634722 0.025000 0.126852
17 0.021875 0.499074 0.021875 0.111111
17 0.412500 0.547685 0.026042 0.099074
17 0.265885 0.418519 0.022396 0.070370
17 0.463281 0.454167 0.023438 0.087963
17 0.461458 0.382407 0.026042 0.066667
17 0.591406 0.497685 0.021354 0.102778
17 0.659115 0.529167 0.021354 0.106481
17 0.781771 0.593981 0.023958 0.123148
16 0.019531 0.635185 0.021354 0.116667
16 0.157812 0.414352 0.021875 0.102778
16 0.330990 0.758796 0.028646 0.126852
16 0.366406 0.384722 0.024479 0.078704
16 0.377344 0.515278 0.025521 0.082407
16 0.736719 0.668519 0.029687 0.107407
16 0.628125 0.526389 0.027083 0.104630
20 0.827344 0.483333 0.029687 0.094444
19 0.378646 0.422222 0.012500 0.020370
18 0.101562 0.475463 0.025000 0.086111
