19 0.131771 0.451852 0.010417 0.016667
16 0.109115 0.413426 0.028646 0.100926
16 0.288542 0.616204 0.029167 0.119444
16 0.414062 0.830556 0.025000 0.124074
16 0.622917 0.688889 0.028125 0.135185
16 0.602865 0.497685 0.019271 0.106481
16 0.345052 0.421759 0.020313 0.097222
16 0.560156 0.376389 0.018229 0.102778
17 0.222656 0.443056 0.020313 0.102778
17 0.419792 0.412500 0.015625 0.102778
17 0.482552 0.354630 0.021354 0.094444
17 0.532552 0.365278 0.019271 0.097222
17 0.629948 0.452778 0.019271 0.111111
17 0.747135 0.502315 0.020313 0.117593
17 0.863542 0.639352 0.025000 0.128704
17 0.554688 0.516204 0.025000 0.104630
18 0.271615 0.452778 0.018229 0.094444
