19 0.607292 0.591667 0.014583 0.022222
16 0.165625 0.545833 0.026042 0.119444
16 0.486979 0.616204 0.026042 0.123148
16 0.532552 0.513426 0.023438 0.106481
16 0.473698 0.369444 0.019271 0.096296
16 0.386719 0.284259 0.020313 0.087037
18 0.078646 0.493056 0.026042 0.102778
17 0.090365 0.418981 0.022396 0.106481
17 0.266927 0.190278 0.022396 0.084259
17 0.453646 0.420833 0.022917 0.099074
17 0.805469 0.454167 0.017188 0.112037
17 0.628385 0.552315 0.020313 0.104630
17 0.764583 0.739815 0.021875 0.144444
17 0.741406 0.293056 0.020313 0.091667
