16 0.054167 0.513889 0.022917 0.114815
16 0.268229 0.604167 0.029167 0.134259
16 0.228906 0.446296 0.032813 0.096296
16 0.273698 0.493519 0.022396 0.111111
16 0.401562 0.504630 0.029167 0.092593
16 0.448958 0.565278 0.026042 0.126852
16 0.569792 0.516204 0.023958 0.100926
17 0.104427 0.499537 0.028646 0.106481
17 0.290365 0.453241 0.025521 0.099074
17 0.411458 0.606019 0.026042 0.115741
17 0.418229 0.490278 0.021875 0.093519
17 0.525000 0.542593 0.022917 0.105556
17 0.515885 0.502778 0.022396 0.092593
17 0.544792 0.525463 0.023958 0.095370
17 0.591406 0.546759 0.023438 0.121296
17 0.671354 0.524537 0.027083 0.121296
