17 0.366667 0.444907 0.017708 0.106481
17 0.340625 0.333333 0.020833 0.096296
17 0.407031 0.818519 0.032813 0.140741
17 0.702344 0.570833 0.028646 0.093519
17 0.727083 0.406481 0.023958 0.087037
17 0.542448 0.256019 0.019271 0.082407
17 0.942969 0.242130 0.020313 0.082407
16 0.246354 0.449074 0.025000 0.098148
16 0.286458 0.347222 0.025000 0.092593
16 0.508073 0.481019 0.027604 0.106481
16 0.491667 0.262963 0.026042 0.075926
16 0.626563 0.329167 0.021875 0.097222
16 0.666146 0.398148 0.021875 0.092593
16 0.579167 0.870833 0.026042 0.128704
16 0.868750 0.315278 0.019792 0.084259
19 0.752604 0.526852 0.009375 0.024074
18 0.649740 0.522685 0.024479 0.104630
