17 0.031771 0.409259 0.022917 0.098148
16 0.198177 0.313426 0.017188 0.087963
16 0.416406 0.449074 0.019271 0.100000
16 0.356250 0.164815 0.016667 0.070370
16 0.657552 0.300000 0.019271 0.088889
16 0.828385 0.556019 0.016146 0.126852
16 0.556510 0.959722 0.022396 0.080556
15 0.159896 0.285648 0.017708 0.089815
15 0.353646 0.406019 0.018750 0.093519
15 0.419010 0.294907 0.017188 0.076852
15 0.553125 0.465741 0.026042 0.105556
15 0.012760 0.848148 0.024479 0.138889
21 0.851823 0.347685 0.022396 0.100926
18 0.808333 0.598148 0.009375 0.025926
