15 0.179167 0.675000 0.034375 0.101852
15 0.470573 0.436574 0.026562 0.091667
15 0.555208 0.357870 0.029167 0.071296
15 0.722396 0.393056 0.020833 0.080556
15 0.650260 0.551852 0.021354 0.105556
15 0.957552 0.327315 0.025521 0.080556
15 0.969271 0.634722 0.037500 0.117593
16 0.075521 0.751389 0.036458 0.132407
16 0.677083 0.562500 0.033333 0.106481
16 0.573438 0.354630 0.023958 0.079630
16 0.882812 0.448148 0.034375 0.088889
19 0.296875 0.342593 0.027083 0.083333
18 0.070573 0.787037 0.017188 0.033333
17 0.975260 0.544907 0.044271 0.104630
