17 0.726302 0.468056 0.029687 0.097222
17 0.110937 0.539352 0.026042 0.130556
17 0.628385 0.753241 0.030729 0.150926
17 0.242969 0.358333 0.020313 0.094444
17 0.502344 0.313889 0.022396 0.098148
17 0.624740 0.203241 0.018229 0.082407
17 0.660677 0.334259 0.018229 0.090741
17 0.898438 0.310185 0.020833 0.087037
16 0.496875 0.433796 0.026042 0.112037
16 0.072917 0.504630 0.025000 0.116667
16 0.187500 0.382870 0.022917 0.102778
16 0.288281 0.543519 0.024479 0.122222
16 0.402083 0.327778 0.026042 0.092593
16 0.479427 0.243981 0.022396 0.075000
16 0.551562 0.348611 0.023958 0.082407
16 0.626302 0.311111 0.023438 0.088889
16 0.747135 0.356481 0.021354 0.101852
18 0.349479 0.539815 0.027083 0.118519
