17 0.128385 0.474074 0.019271 0.109259
17 0.391667 0.502315 0.029167 0.121296
17 0.624740 0.388889 0.024479 0.094444
17 0.698177 0.314352 0.020313 0.086111
17 0.766406 0.561111 0.020313 0.112963
17 0.629687 0.780093 0.023958 0.149074
17 0.880990 0.443056 0.021354 0.110185
17 0.928906 0.371759 0.019271 0.104630
16 0.246094 0.656481 0.023438 0.131481
16 0.066667 0.546759 0.027083 0.121296
16 0.112500 0.458333 0.016667 0.112963
16 0.319531 0.522685 0.021354 0.121296
16 0.416927 0.381944 0.019271 0.100926
16 0.568490 0.419907 0.021354 0.097222
16 0.588542 0.314352 0.017708 0.082407
16 0.657552 0.504167 0.022396 0.104630
18 0.348958 0.608796 0.021875 0.125000
