17 0.381771 0.569907 0.023958 0.106481
17 0.400000 0.457407 0.023958 0.090741
17 0.420312 0.342130 0.016667 0.075000
17 0.259115 0.279630 0.018229 0.074074
17 0.512500 0.714352 0.025000 0.130556
17 0.636719 0.670370 0.023438 0.122222
17 0.771354 0.456481 0.023958 0.092593
17 0.823698 0.358333 0.019271 0.070370
17 0.883854 0.246759 0.025000 0.067593
16 0.050260 0.745833 0.032813 0.112037
16 0.244792 0.431944 0.023958 0.087963
16 0.448177 0.568981 0.024479 0.104630
16 0.462240 0.861111 0.026562 0.137037
16 0.244271 0.207407 0.020833 0.070370
16 0.456510 0.264815 0.015104 0.079630
16 0.737500 0.305093 0.021875 0.080556
16 0.739062 0.455093 0.022917 0.089815
16 0.902344 0.197685 0.020313 0.062037
19 0.451562 0.363889 0.015625 0.024074
18 0.609375 0.356481 0.021875 0.083333
