17 0.421354 0.617593 0.023958 0.138889
17 0.211458 0.568056 0.022917 0.123148
17 0.360417 0.419907 0.023958 0.100926
17 0.678125 0.557407 0.022917 0.111111
17 0.735156 0.450926 0.026562 0.101852
17 0.621354 0.356019 0.022917 0.102778
17 0.740885 0.391667 0.023438 0.096296
16 0.335677 0.348148 0.019271 0.090741
16 0.210417 0.428241 0.022917 0.108333
16 0.507552 0.436574 0.021354 0.106481
16 0.350260 0.584722 0.023438 0.128704
16 0.456510 0.318981 0.019271 0.097222
16 0.847917 0.834722 0.027083 0.145370
18 0.531510 0.521296 0.021354 0.114815
