18 0.246615 0.444907 0.027604 0.106481
19 0.695833 0.635185 0.013542 0.024074
17 0.083073 0.462037 0.028646 0.116667
17 0.103385 0.318981 0.026562 0.104630
17 0.158333 0.207407 0.017708 0.083333
17 0.381510 0.132870 0.018229 0.086111
17 0.510677 0.278704 0.019271 0.096296
17 0.614062 0.451852 0.023958 0.109259
17 0.878385 0.642130 0.038021 0.126852
17 0.918490 0.397222 0.028646 0.116667
17 0.784115 0.219444 0.019271 0.094444
16 0.239323 0.303241 0.023438 0.100926
16 0.423177 0.320833 0.022396 0.100926
16 0.017448 0.514815 0.032813 0.116667
16 0.034375 0.368519 0.021875 0.114815
16 0.174219 0.223148 0.020313 0.094444
16 0.492448 0.239815 0.020313 0.098148
16 0.550781 0.379630 0.019271 0.109259
16 0.528906 0.468056 0.032813 0.108333
16 0.510938 0.519444 0.019792 0.098148
