16 0.363802 0.773611 0.040104 0.126852
17 0.105208 0.764815 0.038542 0.135185
17 0.116667 0.513426 0.026042 0.115741
17 0.376302 0.400926 0.021354 0.087037
17 0.417448 0.190278 0.022396 0.073148
17 0.437500 0.785185 0.037500 0.127778
17 0.991406 0.232870 0.017188 0.084259
16 0.350000 0.396759 0.023958 0.102778
16 0.375260 0.167593 0.019271 0.066667
16 0.758854 0.284259 0.021875 0.074074
16 0.956510 0.168056 0.022396 0.076852
18 0.783854 0.404630 0.021875 0.101852
22 0.032552 0.251852 0.027604 0.083333
