16 0.076823 0.550463 0.027604 0.100926
16 0.081250 0.460185 0.020833 0.100000
16 0.224479 0.376852 0.019792 0.066667
16 0.254948 0.318519 0.017188 0.066667
16 0.399479 0.546296 0.025000 0.092593
16 0.491146 0.445833 0.022917 0.087963
16 0.622917 0.671296 0.028125 0.100000
16 0.736979 0.513426 0.025000 0.095370
16 0.782031 0.369444 0.016146 0.075926
17 0.240365 0.623148 0.030729 0.109259
17 0.109115 0.509722 0.032813 0.102778
17 0.230729 0.346296 0.015625 0.053704
17 0.609635 0.592130 0.019271 0.078704
17 0.686979 0.462963 0.020833 0.094444
17 0.620573 0.298148 0.019271 0.062963
17 0.961198 0.397685 0.020313 0.080556
17 0.835417 0.863426 0.029167 0.150926
19 0.598958 0.326852 0.013542 0.024074
18 0.423177 0.520370 0.027604 0.096296
