17 0.135677 0.670370 0.041146 0.135185
17 0.121875 0.592593 0.038542 0.116667
17 0.166146 0.581944 0.044792 0.130556
17 0.753385 0.456019 0.028646 0.104630
17 0.844531 0.406481 0.033854 0.090741
17 0.934635 0.587500 0.032813 0.126852
16 0.360417 0.540741 0.021875 0.120370
16 0.365885 0.471296 0.019271 0.111111
16 0.454948 0.540278 0.020313 0.125000
16 0.652604 0.561574 0.026042 0.134259
16 0.605469 0.462963 0.020313 0.111111
16 0.652604 0.484259 0.023958 0.072222
18 0.762760 0.602315 0.022396 0.126852
