16 0.413281 0.425926 0.020313 0.081481
16 0.413021 0.610185 0.017708 0.087037
16 0.765625 0.378704 0.016667 0.074074
16 0.571094 0.385648 0.019271 0.073148
16 0.295833 0.327315 0.012500 0.076852
16 0.264062 0.230556 0.014583 0.055556
16 0.394792 0.266667 0.015625 0.068519
16 0.507552 0.221759 0.013021 0.050926
16 0.543750 0.281944 0.014583 0.058333
17 0.570573 0.691667 0.022396 0.105556
17 0.611198 0.450000 0.018229 0.088889
17 0.306771 0.328704 0.011458 0.070370
17 0.289583 0.240741 0.017708 0.055556
17 0.309375 0.158333 0.012500 0.061111
17 0.606771 0.267130 0.015625 0.056481
17 0.708854 0.199074 0.012500 0.046296
17 0.912500 0.273148 0.011458 0.068519
17 0.889583 0.417130 0.015625 0.086111
18 0.496354 0.375463 0.014583 0.073148
19 0.736979 0.336111 0.009375 0.018519
