18 0.715104 0.503241 0.012500 0.025000
17 0.348698 0.541204 0.023438 0.119444
16 0.111198 0.535185 0.026562 0.131481
16 0.241406 0.356944 0.024479 0.093519
16 0.501042 0.313426 0.023958 0.093519
16 0.626042 0.205556 0.021875 0.083333
16 0.660677 0.334722 0.022396 0.091667
16 0.626563 0.754167 0.032292 0.152778
16 0.732812 0.472685 0.022917 0.104630
16 0.898698 0.312963 0.020313 0.090741
15 0.072917 0.504630 0.032292 0.122222
15 0.404427 0.327778 0.025521 0.098148
15 0.185677 0.385648 0.025521 0.113889
15 0.289062 0.543981 0.028125 0.132407
15 0.547917 0.347222 0.027083 0.083333
15 0.495573 0.434259 0.032813 0.112963
15 0.479427 0.244907 0.022396 0.084259
15 0.626302 0.310185 0.023438 0.085185
15 0.747917 0.356944 0.023958 0.099074
