17 0.574479 0.701389 0.026042 0.132407
17 0.064323 0.424074 0.020313 0.100000
17 0.377865 0.212500 0.016146 0.080556
17 0.391406 0.087037 0.018229 0.066667
17 0.704688 0.314352 0.021875 0.082407
17 0.917969 0.150000 0.018229 0.068519
17 0.957552 0.408796 0.022396 0.078704
16 0.026042 0.502778 0.027083 0.112963
16 0.033073 0.413426 0.021354 0.104630
16 0.487760 0.618981 0.022396 0.121296
16 0.257552 0.274074 0.021354 0.077778
16 0.212760 0.186111 0.022396 0.072222
16 0.586719 0.378704 0.021354 0.094444
16 0.659896 0.218056 0.022917 0.080556
16 0.841146 0.358333 0.025000 0.090741
16 0.812760 0.481019 0.020313 0.099074
18 0.463542 0.337500 0.023958 0.087963
19 0.547917 0.761111 0.013542 0.025926
