17 0.297917 0.558796 0.028125 0.108333
17 0.449219 0.431944 0.018229 0.093519
17 0.552865 0.682870 0.032813 0.130556
17 0.382292 0.231481 0.017708 0.087037
17 0.402604 0.136111 0.015625 0.072222
17 0.074219 0.351389 0.022396 0.097222
17 0.915365 0.482870 0.022396 0.106481
16 0.529948 0.305093 0.019271 0.091667
16 0.240104 0.540278 0.021875 0.108333
16 0.565625 0.457407 0.025000 0.090741
16 0.277344 0.309259 0.017188 0.085185
16 0.226042 0.209722 0.017708 0.078704
16 0.116406 0.298148 0.019271 0.087037
16 0.061458 0.398611 0.026042 0.095370
19 0.876563 0.528704 0.012500 0.024074
18 0.123438 0.477315 0.018750 0.102778
