20 0.889844 0.340278 0.019271 0.082407
16 0.188021 0.725463 0.032292 0.104630
16 0.316667 0.384722 0.025000 0.075000
16 0.500000 0.430093 0.027083 0.080556
16 0.550781 0.578704 0.031771 0.096296
16 0.797656 0.696759 0.027604 0.089815
16 0.894010 0.560648 0.031771 0.087963
18 0.138802 0.501389 0.024479 0.095370
17 0.167187 0.966667 0.036458 0.066667
17 0.354948 0.237500 0.018229 0.065741
17 0.480729 0.480093 0.034375 0.080556
17 0.613802 0.614352 0.032813 0.099074
17 0.642969 0.331019 0.021354 0.076852
17 0.966927 0.737963 0.030729 0.120370
19 0.486979 0.352778 0.014583 0.025926
