19 0.728385 0.395370 0.014063 0.025926
16 0.399479 0.466204 0.022917 0.084259
16 0.300781 0.348611 0.020313 0.082407
16 0.591927 0.612037 0.024479 0.107407
16 0.574740 0.382870 0.018229 0.075000
16 0.009115 0.622222 0.017188 0.107407
17 0.372656 0.426852 0.017188 0.087037
17 0.379427 0.234722 0.017188 0.063889
17 0.771354 0.750000 0.026042 0.120370
17 0.823698 0.476852 0.019271 0.094444
17 0.732031 0.319907 0.019271 0.078704
20 0.940885 0.326389 0.020313 0.078704
18 0.083073 0.515741 0.023438 0.098148
