16 0.127604 0.552778 0.025000 0.120370
16 0.101562 0.360648 0.022917 0.082407
16 0.307552 0.294907 0.020313 0.073148
16 0.465365 0.435185 0.023438 0.087037
16 0.538542 0.596759 0.027083 0.108333
16 0.617448 0.358796 0.020313 0.078704
16 0.648438 0.476389 0.025000 0.100926
17 0.475260 0.392593 0.020313 0.083333
17 0.444010 0.282870 0.023438 0.073148
17 0.130208 0.346296 0.023958 0.083333
17 0.755990 0.361111 0.016146 0.088889
17 0.914062 0.475000 0.026042 0.114815
17 0.912760 0.792130 0.034896 0.145370
19 0.441146 0.312963 0.013542 0.024074
18 0.229948 0.527315 0.025521 0.102778
