16 0.560937 0.797222 0.026042 0.125926
16 0.256771 0.519907 0.022917 0.102778
16 0.080729 0.689352 0.032292 0.097222
16 0.310677 0.464815 0.023438 0.090741
16 0.461719 0.492593 0.024479 0.092593
16 0.466406 0.365278 0.020313 0.087963
16 0.576562 0.472222 0.026042 0.088889
16 0.670573 0.603241 0.025521 0.108333
16 0.723437 0.399537 0.025000 0.073148
16 0.987240 0.616204 0.020313 0.110185
17 0.088021 0.793519 0.029167 0.135185
17 0.405208 0.477315 0.022917 0.099074
17 0.483333 0.595370 0.022917 0.112963
17 0.572656 0.306944 0.018229 0.076852
17 0.779948 0.392593 0.018229 0.074074
17 0.974740 0.539352 0.020313 0.102778
17 0.980208 0.754167 0.025000 0.125000
18 0.709115 0.569444 0.021354 0.094444
19 0.594271 0.360185 0.013542 0.018519
