16 0.473958 0.504167 0.025000 0.100926
16 0.468750 0.386574 0.027083 0.102778
16 0.506771 0.269907 0.025000 0.082407
16 0.484896 0.245833 0.019792 0.082407
16 0.564583 0.209259 0.022917 0.074074
16 0.689323 0.346296 0.029687 0.090741
16 0.796615 0.185648 0.020313 0.082407
16 0.864062 0.278241 0.028125 0.086111
17 0.627083 0.617130 0.029167 0.125000
17 0.650781 0.408333 0.022396 0.090741
17 0.534635 0.243056 0.023438 0.084259
17 0.397917 0.126852 0.023958 0.066667
17 0.975781 0.240741 0.020313 0.088889
18 0.853385 0.341204 0.027604 0.087963
22 0.076823 0.239815 0.020313 0.101852
