17 0.069271 0.588426 0.021875 0.126852
17 0.022917 0.398611 0.026042 0.095370
17 0.423698 0.546759 0.028646 0.104630
17 0.309896 0.417593 0.025000 0.088889
17 0.404427 0.304167 0.021354 0.086111
17 0.574479 0.385648 0.023958 0.080556
17 0.706771 0.686574 0.030208 0.134259
17 0.746875 0.527315 0.022917 0.110185
17 0.759375 0.400926 0.025000 0.087037
16 0.041146 0.577778 0.023958 0.114815
16 0.157812 0.418056 0.021875 0.097222
16 0.479167 0.493519 0.023958 0.090741
16 0.499740 0.381944 0.015104 0.100926
16 0.551042 0.396759 0.022917 0.078704
16 0.788802 0.873148 0.029687 0.161111
19 0.549479 0.302778 0.012500 0.020370
18 0.357031 0.503241 0.021354 0.102778
