20 0.563542 0.185185 0.015625 0.087037
16 0.244531 0.612037 0.031771 0.125926
16 0.499740 0.539815 0.023438 0.114815
16 0.282292 0.716204 0.033333 0.128704
16 0.364844 0.783333 0.028646 0.122222
16 0.549479 0.745833 0.030208 0.141667
16 0.604167 0.639352 0.025000 0.132407
16 0.769531 0.720833 0.031771 0.134259
16 0.973698 0.816204 0.031771 0.152778
16 0.992448 0.550926 0.015104 0.116667
17 0.113542 0.427778 0.026042 0.100000
17 0.447917 0.554630 0.025000 0.112963
17 0.471354 0.725926 0.028125 0.140741
17 0.398177 0.769444 0.029687 0.114815
17 0.729167 0.592593 0.025000 0.116667
17 0.605469 0.381019 0.024479 0.102778
17 0.941406 0.456944 0.019271 0.106481
18 0.884635 0.618056 0.032813 0.099074
19 0.377865 0.555093 0.014063 0.032407
