19 0.609896 0.347685 0.013542 0.032407
16 0.285156 0.400926 0.031771 0.090741
16 0.334896 0.329167 0.022917 0.087963
16 0.043229 0.729630 0.030208 0.140741
16 0.076042 0.284259 0.016667 0.090741
16 0.424219 0.253704 0.022396 0.083333
16 0.637240 0.311111 0.035937 0.055556
16 0.675000 0.262963 0.028125 0.072222
16 0.642188 0.443056 0.026042 0.099074
16 0.960938 0.382407 0.029167 0.098148
17 0.096615 0.271296 0.021354 0.072222
17 0.427083 0.395833 0.026042 0.104630
17 0.482552 0.231481 0.023438 0.077778
17 0.388802 0.921296 0.044271 0.157407
17 0.661979 0.282870 0.025000 0.080556
17 0.788542 0.386574 0.026042 0.106481
17 0.927083 0.241667 0.020833 0.098148
18 0.661979 0.430556 0.027083 0.094444
