16 0.090365 0.587963 0.035937 0.125926
16 0.084115 0.328241 0.023438 0.113889
16 0.733594 0.774074 0.029687 0.140741
16 0.332552 0.226389 0.018229 0.076852
16 0.622135 0.372685 0.021354 0.095370
16 0.935417 0.217130 0.016667 0.082407
16 0.700000 0.100000 0.014583 0.072222
16 0.988281 0.314815 0.018229 0.088889
17 0.346875 0.496296 0.026042 0.112963
17 0.340625 0.311111 0.022917 0.100000
17 0.553906 0.246759 0.019271 0.087963
17 0.783854 0.412500 0.021875 0.099074
17 0.909635 0.246759 0.017188 0.087963
17 0.881771 0.207407 0.015625 0.083333
17 0.877604 0.147222 0.014583 0.083333
18 0.759635 0.258796 0.020313 0.087963
19 0.190104 0.598148 0.015625 0.022222
