18 0.041146 0.458333 0.023958 0.088889
16 0.075521 0.417593 0.025000 0.092593
16 0.295312 0.293981 0.025000 0.089815
16 0.461198 0.559722 0.030729 0.102778
16 0.537500 0.457407 0.027083 0.090741
16 0.730208 0.680556 0.027083 0.101852
17 0.016667 0.603241 0.025000 0.125000
17 0.278646 0.651389 0.028125 0.117593
17 0.366667 0.349537 0.020833 0.087963
17 0.402083 0.417593 0.028125 0.088889
17 0.541667 0.558796 0.028125 0.117593
17 0.701823 0.620833 0.022396 0.125000
17 0.576562 0.448148 0.028125 0.096296
20 0.738281 0.450000 0.032813 0.096296
