16 0.172917 0.629630 0.022917 0.092593
16 0.171094 0.416204 0.019271 0.080556
16 0.336198 0.478241 0.020313 0.084259
16 0.317448 0.392130 0.021354 0.080556
16 0.428646 0.523148 0.027083 0.090741
16 0.700521 0.613426 0.022917 0.100926
16 0.990104 0.932407 0.019792 0.135185
17 0.057031 0.862500 0.034896 0.145370
17 0.248698 0.574537 0.018229 0.100926
17 0.277604 0.501852 0.026042 0.092593
17 0.358073 0.408796 0.025521 0.071296
17 0.455990 0.450000 0.020313 0.079630
17 0.509375 0.669444 0.025000 0.116667
17 0.492448 0.545370 0.020313 0.098148
17 0.574479 0.510648 0.016667 0.100926
17 0.650521 0.606944 0.026042 0.104630
18 0.349219 0.560185 0.021354 0.094444
19 0.278125 0.299074 0.015625 0.024074
20 0.898177 0.431944 0.021354 0.104630
