15 0.057813 0.403704 0.035417 0.109259
15 0.236198 0.537500 0.036979 0.110185
15 0.116667 0.300463 0.021875 0.095370
15 0.223177 0.214815 0.025521 0.075926
15 0.275521 0.311574 0.022917 0.087963
15 0.526823 0.309259 0.019271 0.085185
15 0.562240 0.460185 0.031771 0.098148
16 0.072135 0.357407 0.029687 0.100000
16 0.296094 0.562037 0.029687 0.116667
16 0.449479 0.436111 0.030208 0.100000
16 0.382031 0.229167 0.022396 0.082407
16 0.401562 0.137500 0.019792 0.069444
16 0.553385 0.681944 0.033854 0.132407
16 0.914844 0.484259 0.030729 0.116667
16 0.994010 0.255093 0.011979 0.080556
17 0.120052 0.478704 0.036979 0.109259
18 0.876302 0.526852 0.017188 0.024074
