17 0.355208 0.603704 0.020833 0.118519
17 0.304427 0.393519 0.016146 0.092593
17 0.385156 0.465278 0.019271 0.086111
17 0.583073 0.446759 0.020313 0.078704
17 0.746615 0.620370 0.021354 0.094444
17 0.950260 0.593056 0.015104 0.117593
17 0.844271 0.425926 0.015625 0.096296
17 0.742448 0.364352 0.020313 0.086111
17 0.686979 0.293981 0.020833 0.071296
16 0.128385 0.423611 0.021354 0.100926
16 0.441406 0.505556 0.018229 0.098148
16 0.459896 0.403704 0.021875 0.085185
16 0.424219 0.323611 0.016146 0.080556
16 0.596094 0.269907 0.019271 0.065741
16 0.775781 0.432407 0.021354 0.092593
18 0.709115 0.479167 0.021354 0.095370
