17 0.521354 0.713426 0.028125 0.125000
17 0.625781 0.457870 0.020313 0.097222
17 0.811979 0.513426 0.023958 0.115741
17 0.942969 0.385648 0.022396 0.097222
17 0.839323 0.316204 0.021354 0.089815
17 0.289583 0.500463 0.013542 0.043519
17 0.184896 0.531481 0.018750 0.118519
16 0.109635 0.597222 0.018229 0.116667
16 0.146875 0.572222 0.025000 0.118519
16 0.162240 0.539815 0.017188 0.118519
16 0.295052 0.574537 0.020313 0.125000
16 0.262500 0.500926 0.015625 0.114815
16 0.488281 0.439815 0.023438 0.096296
16 0.276042 0.509722 0.013542 0.102778
16 0.702865 0.495370 0.022396 0.107407
16 0.681510 0.402778 0.020313 0.094444
16 0.697135 0.354630 0.016146 0.087037
19 0.481510 0.613889 0.025521 0.122222
