17 0.211979 0.667130 0.028125 0.125000
17 0.576302 0.702778 0.033854 0.138889
17 0.704167 0.472222 0.029167 0.124074
17 0.705208 0.361574 0.020833 0.100926
17 0.795833 0.311574 0.029167 0.104630
17 0.972917 0.543056 0.026042 0.128704
16 0.308594 0.622222 0.031771 0.122222
16 0.358594 0.564815 0.027604 0.105556
16 0.524479 0.404167 0.028125 0.104630
16 0.594792 0.447685 0.021875 0.108333
16 0.590365 0.365278 0.017188 0.056481
16 0.603906 0.380556 0.019271 0.070370
16 0.688802 0.346296 0.017188 0.090741
16 0.766927 0.291204 0.023438 0.097222
16 0.868229 0.339352 0.027083 0.104630
16 0.860938 0.490278 0.028125 0.128704
22 0.323958 0.363426 0.023958 0.108333
18 0.774740 0.594444 0.023438 0.138889
19 0.257812 0.640278 0.015625 0.034259
