17 0.185417 0.800463 0.031250 0.156481
17 0.151302 0.344444 0.022396 0.083333
17 0.472135 0.723148 0.031771 0.135185
17 0.485417 0.273611 0.025000 0.082407
17 0.651823 0.112037 0.020313 0.072222
17 0.779167 0.508333 0.028125 0.109259
17 0.960417 0.251852 0.021875 0.074074
17 0.970313 0.827315 0.027083 0.158333
16 0.092448 0.755093 0.033854 0.126852
16 0.417708 0.657407 0.036458 0.124074
16 0.229427 0.325000 0.022396 0.092593
16 0.516667 0.395370 0.023958 0.088889
16 0.496354 0.530093 0.026042 0.104630
16 0.380469 0.256019 0.019271 0.082407
16 0.430469 0.187963 0.017188 0.068519
16 0.593490 0.247222 0.021354 0.092593
16 0.685677 0.768056 0.031771 0.141667
19 0.673438 0.622222 0.013542 0.025926
18 0.422917 0.407870 0.026042 0.097222
