16 0.401042 0.722685 0.028125 0.130556
16 0.058073 0.455093 0.023438 0.115741
16 0.288021 0.583796 0.030208 0.106481
16 0.294010 0.514352 0.022396 0.076852
16 0.323698 0.342130 0.020313 0.086111
16 0.378906 0.269907 0.022396 0.086111
16 0.884115 0.563889 0.027604 0.114815
16 0.881250 0.809259 0.026042 0.138889
16 0.895833 0.311111 0.016667 0.088889
17 0.148438 0.492130 0.023958 0.100926
17 0.312760 0.580093 0.019271 0.123148
17 0.536458 0.657407 0.020833 0.133333
17 0.514323 0.299074 0.026562 0.088889
17 0.809896 0.462963 0.023958 0.098148
17 0.924740 0.542593 0.029687 0.105556
17 0.905729 0.272685 0.015625 0.080556
18 0.675260 0.453241 0.023438 0.099074
19 0.436719 0.450926 0.016146 0.025926
