16 0.120833 0.697685 0.025000 0.121296
16 0.297396 0.519444 0.025000 0.087037
16 0.218490 0.315278 0.018229 0.080556
16 0.478646 0.655556 0.022917 0.109259
16 0.719792 0.341204 0.022917 0.080556
16 0.719792 0.616204 0.022917 0.095370
16 0.941667 0.440278 0.025000 0.084259
16 0.991146 0.750926 0.017708 0.118519
17 0.161198 0.825463 0.032813 0.147222
17 0.394531 0.436111 0.019271 0.085185
17 0.541146 0.170370 0.015625 0.061111
17 0.498958 0.639352 0.015625 0.076852
17 0.790104 0.516667 0.022917 0.100000
17 0.851042 0.618056 0.027083 0.095370
17 0.834896 0.241667 0.016667 0.059259
18 0.522396 0.381481 0.016667 0.075926
19 0.503646 0.360648 0.011458 0.030556
