16 0.286979 0.793056 0.037500 0.119444
16 0.563542 0.530556 0.020833 0.105556
16 0.640625 0.881019 0.027083 0.145370
16 0.194010 0.225926 0.019271 0.074074
16 0.011979 0.474537 0.022917 0.108333
16 0.476823 0.187037 0.019271 0.066667
16 0.823438 0.124537 0.018750 0.058333
16 0.937240 0.231481 0.018229 0.074074
19 0.104948 0.583796 0.010937 0.021296
17 0.394271 0.321759 0.023958 0.082407
17 0.406250 0.596759 0.036458 0.100926
17 0.585156 0.357407 0.024479 0.088889
17 0.814583 0.427778 0.026042 0.088889
17 0.728906 0.675463 0.031771 0.115741
17 0.894271 0.198148 0.022917 0.064815
18 0.780469 0.333796 0.017188 0.080556
