16 0.294010 0.589352 0.020313 0.125000
16 0.058854 0.808333 0.025000 0.124074
16 0.343490 0.406481 0.021354 0.098148
16 0.249740 0.318981 0.020313 0.084259
16 0.051302 0.246759 0.023438 0.084259
16 0.490365 0.252778 0.021354 0.072222
16 0.571354 0.550000 0.025000 0.094444
16 0.640625 0.484259 0.020833 0.081481
17 0.343229 0.680556 0.026042 0.138889
17 0.464583 0.960648 0.030208 0.078704
17 0.128906 0.258796 0.020313 0.084259
17 0.234115 0.118981 0.016146 0.071296
17 0.554948 0.325000 0.021354 0.092593
17 0.623958 0.503241 0.026042 0.106481
17 0.953646 0.343056 0.019792 0.100926
17 0.819531 0.222685 0.016146 0.080556
19 0.614583 0.530556 0.009375 0.020370
18 0.155990 0.449074 0.024479 0.111111
