18 0.329688 0.535185 0.021875 0.114815
16 0.502083 0.682407 0.023958 0.131481
16 0.042708 0.447685 0.022917 0.108333
16 0.342969 0.326389 0.020313 0.086111
16 0.147917 0.361574 0.025000 0.087963
16 0.446615 0.434722 0.021354 0.102778
16 0.552865 0.364352 0.017188 0.089815
16 0.518229 0.358333 0.022917 0.090741
17 0.186719 0.360185 0.018229 0.098148
17 0.440365 0.525926 0.018229 0.118519
17 0.484375 0.415741 0.022917 0.100000
17 0.538281 0.337037 0.017188 0.096296
17 0.790104 0.378704 0.020833 0.101852
17 0.847135 0.485185 0.021354 0.114815
17 0.755729 0.715741 0.028125 0.150000
