16 0.096094 0.646296 0.022396 0.107407
16 0.064062 0.461111 0.025000 0.098148
16 0.208594 0.359259 0.017188 0.072222
16 0.308333 0.775000 0.026042 0.118519
16 0.510677 0.555556 0.019271 0.090741
16 0.461719 0.388889 0.024479 0.087037
16 0.580729 0.406481 0.025000 0.070370
16 0.668750 0.770370 0.027083 0.112963
17 0.017708 0.720833 0.027083 0.126852
17 0.109635 0.525926 0.020313 0.094444
17 0.379427 0.399537 0.017188 0.076852
17 0.432031 0.550926 0.020313 0.096296
17 0.492448 0.401389 0.018229 0.076852
17 0.659375 0.470370 0.023958 0.088889
17 0.647396 0.406944 0.019792 0.086111
17 0.809896 0.601852 0.019792 0.111111
18 0.218229 0.436111 0.022917 0.085185
