17 0.322917 0.515741 0.023958 0.114815
17 0.327865 0.401852 0.020313 0.096296
17 0.475521 0.602778 0.025000 0.112963
17 0.510938 0.417593 0.019792 0.092593
17 0.719792 0.560648 0.025000 0.108333
17 0.759375 0.336111 0.015625 0.094444
17 0.814323 0.382407 0.021354 0.090741
17 0.900521 0.446759 0.021875 0.099074
16 0.201302 0.408796 0.020313 0.071296
16 0.233073 0.330093 0.020313 0.086111
16 0.474740 0.498611 0.021354 0.104630
16 0.470052 0.360185 0.017188 0.087037
16 0.812760 0.479167 0.022396 0.095370
16 0.858073 0.621296 0.020313 0.124074
16 0.836979 0.360648 0.021875 0.099074
19 0.196875 0.455093 0.013542 0.023148
18 0.689844 0.418981 0.021354 0.102778
