16 0.079167 0.359259 0.022917 0.092593
16 0.183333 0.499537 0.027083 0.123148
16 0.325260 0.931944 0.028646 0.119444
16 0.558594 0.374074 0.028646 0.092593
16 0.533854 0.312037 0.026042 0.070370
16 0.782813 0.618981 0.026042 0.132407
16 0.794010 0.470370 0.028646 0.109259
17 0.179948 0.614815 0.033854 0.133333
17 0.344531 0.357407 0.028646 0.085185
17 0.578906 0.483333 0.023438 0.114815
17 0.661979 0.431481 0.038542 0.092593
17 0.634896 0.336111 0.025000 0.098148
17 0.726823 0.380556 0.031771 0.098148
17 0.886979 0.469907 0.028125 0.128704
18 0.478906 0.481019 0.020313 0.099074
19 0.125000 0.392593 0.010417 0.022222
