17 0.189062 0.565741 0.038542 0.107407
17 0.343229 0.389815 0.023958 0.085185
17 0.570312 0.399537 0.025000 0.097222
17 0.613802 0.328241 0.030729 0.069444
17 0.725521 0.529630 0.025000 0.107407
17 0.892448 0.727778 0.032813 0.133333
19 0.593229 0.371296 0.013542 0.024074
16 0.137240 0.577778 0.028646 0.114815
16 0.164062 0.501389 0.025000 0.102778
16 0.565885 0.745833 0.029687 0.136111
16 0.309896 0.401852 0.025000 0.096296
16 0.360677 0.365741 0.020313 0.088889
16 0.487500 0.415741 0.027083 0.092593
16 0.622917 0.388889 0.023958 0.090741
16 0.672917 0.546759 0.028125 0.108333
16 0.932813 0.519444 0.025000 0.107407
18 0.424479 0.654630 0.025000 0.114815
