17 0.083854 0.435185 0.035417 0.094444
17 0.373177 0.576852 0.022396 0.103704
17 0.308073 0.421759 0.021354 0.087963
17 0.587760 0.389815 0.023438 0.085185
17 0.560937 0.508333 0.022917 0.092593
17 0.461979 0.225463 0.018750 0.075000
17 0.652344 0.285648 0.023438 0.078704
17 0.804427 0.376389 0.018229 0.102778
17 0.709635 0.710185 0.031771 0.116667
17 0.973437 0.489815 0.025000 0.092593
16 0.342708 0.578241 0.022917 0.106481
16 0.098177 0.266204 0.020313 0.078704
16 0.354427 0.397222 0.021354 0.092593
16 0.456250 0.297222 0.016667 0.075926
16 0.569531 0.805093 0.032813 0.130556
16 0.641406 0.511574 0.022396 0.102778
16 0.770052 0.355093 0.017188 0.080556
19 0.373177 0.698611 0.014063 0.023148
18 0.410677 0.347222 0.022396 0.075926
