17 0.240365 0.868519 0.030729 0.140741
17 0.817448 0.723611 0.031771 0.145370
17 0.196615 0.389815 0.018229 0.092593
17 0.059896 0.323611 0.022917 0.080556
17 0.462240 0.303241 0.021354 0.076852
17 0.703385 0.358333 0.023438 0.083333
16 0.623437 0.402778 0.027083 0.083333
16 0.350000 0.679167 0.026042 0.125000
16 0.175781 0.408796 0.017188 0.086111
16 0.352344 0.339352 0.021354 0.076852
16 0.014844 0.341204 0.019271 0.084259
19 0.686458 0.397685 0.010417 0.023148
18 0.076042 0.542593 0.023958 0.103704
