16 0.141406 0.397685 0.018229 0.084259
16 0.268229 0.940278 0.022917 0.113889
16 0.350260 0.466204 0.017188 0.097222
16 0.477344 0.354167 0.020313 0.082407
16 0.453125 0.280556 0.016667 0.072222
16 0.735156 0.475463 0.021354 0.099074
16 0.967969 0.323611 0.018229 0.084259
17 0.286979 0.540278 0.023958 0.108333
17 0.407813 0.389815 0.016667 0.096296
17 0.575781 0.386574 0.019271 0.086111
17 0.723698 0.592593 0.023438 0.096296
17 0.942448 0.837963 0.042188 0.138889
17 0.800781 0.416204 0.019271 0.084259
17 0.902083 0.306019 0.017708 0.078704
18 0.834635 0.438889 0.021354 0.087037
