17 0.318490 0.528241 0.019271 0.100926
18 0.607292 0.427778 0.016667 0.085185
17 0.297656 0.338426 0.016146 0.071296
17 0.380208 0.414815 0.017708 0.059259
17 0.552344 0.355093 0.014063 0.056481
17 0.576042 0.293056 0.015625 0.069444
17 0.642708 0.475000 0.022917 0.087037
17 0.665365 0.644907 0.020313 0.104630
17 0.907813 0.594907 0.019792 0.112037
17 0.783073 0.398611 0.020313 0.078704
16 0.219271 0.953704 0.027083 0.092593
16 0.154948 0.415741 0.016146 0.092593
16 0.268750 0.336574 0.012500 0.078704
16 0.379427 0.474537 0.021354 0.080556
16 0.490625 0.353704 0.014583 0.064815
16 0.440104 0.258796 0.013542 0.060185
16 0.733073 0.392130 0.019271 0.080556
19 0.476302 0.389815 0.008854 0.027778
