18 0.302604 0.351389 0.018750 0.073148
19 0.599740 0.731019 0.010937 0.026852
17 0.213021 0.688426 0.023958 0.123148
17 0.338021 0.687500 0.052083 0.060185
17 0.513281 0.635185 0.028646 0.112963
17 0.341667 0.330093 0.020833 0.075000
17 0.271615 0.143056 0.018229 0.069444
17 0.625260 0.393519 0.028646 0.088889
17 0.580208 0.267130 0.023958 0.080556
16 0.055469 0.256019 0.020313 0.075000
16 0.188802 0.200463 0.020313 0.076852
16 0.507031 0.257870 0.020313 0.071296
16 0.518750 0.352315 0.023958 0.082407
