16 0.043490 0.394444 0.020313 0.094444
16 0.267969 0.495370 0.022396 0.114815
16 0.417448 0.380556 0.020313 0.090741
16 0.496094 0.336574 0.017188 0.062037
16 0.555990 0.701852 0.021354 0.137037
16 0.706510 0.387500 0.028646 0.080556
16 0.669271 0.342593 0.021875 0.087037
17 0.832292 0.400000 0.018750 0.112963
17 0.785417 0.543519 0.025000 0.118519
17 0.034115 0.607870 0.019271 0.143519
17 0.157031 0.438889 0.018229 0.107407
17 0.530469 0.335648 0.018229 0.060185
17 0.635156 0.308333 0.021354 0.098148
19 0.541146 0.365741 0.010417 0.024074
18 0.452865 0.562037 0.023438 0.111111
