17 0.282813 0.724537 0.036458 0.106481
17 0.165625 0.689815 0.032292 0.120370
17 0.280469 0.562037 0.024479 0.118519
17 0.657031 0.841667 0.034896 0.135185
17 0.870313 0.584722 0.027083 0.108333
17 0.638281 0.396759 0.024479 0.106481
17 0.779948 0.256019 0.018229 0.086111
16 0.245052 0.562963 0.021354 0.112963
16 0.387500 0.749074 0.033333 0.118519
16 0.316406 0.671296 0.030729 0.112963
16 0.678385 0.688426 0.032813 0.106481
16 0.482031 0.421759 0.020313 0.104630
16 0.540365 0.362500 0.021354 0.102778
16 0.638542 0.293056 0.025000 0.100926
16 0.759115 0.260648 0.019271 0.076852
16 0.839323 0.220833 0.019271 0.076852
16 0.913021 0.466204 0.026042 0.097222
22 0.509375 0.205556 0.022917 0.087037
18 0.764583 0.457870 0.028125 0.084259
19 0.395313 0.820370 0.012500 0.031481
